ESTADO,T1/2018,T2/2018,T3/2018,T4/2018,T1/2019,T2/2019,T3/2019,T4/2019,T1/2020,T2/2020,T3/2020,T4/2020,TOTAL
Aguascalientes,15,14,20,12,18,23,20,25,22,16,24,9,218
Baja California,573,548,530,504,469,481,590,555,540,711,776,604,6881
Baja California Sur,79,36,39,17,31,21,19,18,19,15,27,25,346
Campeche,3,9,6,2,5,15,13,14,13,8,17,4,109
Coahuila,149,38,34,44,49,73,47,57,34,49,43,28,645
Colima,165,160,143,170,216,172,186,166,173,152,130,125,1958
Chiapas,50,52,61,70,73,58,63,48,30,23,22,31,581
Chihuahua,320,334,289,242,278,339,369,394,320,398,550,397,4230
Ciudad de México,102,171,183,198,201,220,189,191,158,159,122,157,2051
Durango,28,18,25,27,19,30,42,41,39,25,55,41,390
Guanajuato,695,813,869,759,923,742,798,930,1109,1042,1083,1044,10807
Guerrero,499,514,413,467,401,433,369,386,310,314,282,410,4798
Hidalgo,38,47,60,43,78,73,95,77,55,54,68,51,739
Jalisco,281,908,392,449,432,320,339,284,286,317,322,363,4693
México,143,173,285,264,282,306,268,198,266,302,219,217,2923
Michoacán,364,297,321,278,314,373,445,469,519,456,388,450,4674
Morelos,164,132,171,195,238,198,218,212,193,196,171,182,2270
Nayarit,162,103,73,33,18,54,35,28,23,33,18,25,605
Nuevo León,98,61,96,133,147,117,101,116,106,134,132,141,1382
Oaxaca,164,139,134,150,155,240,180,199,183,153,110,113,1920
Puebla,106,83,131,157,180,133,136,128,182,110,105,105,1556
Querétaro,25,16,23,30,30,44,53,28,28,29,43,36,385
Quintana Roo,134,132,226,166,196,167,183,170,188,102,131,117,1912
San Luis Potosí,99,72,76,77,63,87,87,117,142,138,189,172,1319
Sinaloa,163,172,213,186,179,214,169,296,213,248,265,203,2521
Sonora,128,63,202,134,127,252,267,346,227,304,397,339,2786
Tabasco,54,54,93,104,143,139,97,110,90,93,119,111,1207
Tamaulipas,190,163,132,149,178,93,120,150,98,72,74,49,1468
Tlaxcala,24,15,20,13,29,45,43,38,37,26,37,25,352
Veracruz,346,200,401,287,334,310,276,240,243,264,282,270,3453
Yucatán,3,2,6,4,3,5,3,3,2,6,7,2,46
Zacatecas,100,58,121,127,98,130,124,172,163,239,244,310,1886
Total,5464,5597,5788,5491,5907,5907,5944,6206,6011,6188,6452,6156,71111
