,T1/2018,T2/2018,T3/2018,T4/2018,T1/2019,T2/2019,T3/2019,T4/2019,TOTAL
Aguascalientes,15,14,20,12,18,23,20,25,147
Baja California,583,548,520,504,469,483,590,553,4250
Baja California Sur,79,36,39,17,31,21,19,18,260
Campeche,3,9,6,2,5,15,13,14,67
Coahuila,149,38,34,44,49,73,47,57,491
Colima,165,162,141,181,216,172,186,155,1378
Chiapas,50,52,61,70,73,58,63,48,475
Chihuahua,321,334,288,242,278,339,369,394,2565
Ciudad de México,102,171,183,198,201,220,189,191,1455
Durango,28,18,25,27,19,30,42,41,230
Guanajuato,698,816,866,759,924,742,798,926,6529
Guerrero,503,520,440,467,401,398,369,384,3482
Hidalgo,38,47,60,43,78,73,95,77,511
Jalisco,288,296,417,460,432,288,328,284,2793
México,143,173,285,264,282,306,268,198,1919
Michoacán,365,354,320,278,313,373,445,469,2917
Morelos,165,132,170,195,238,198,218,212,1528
Nayarit,162,103,73,33,18,54,35,28,506
Nuevo León,98,108,96,133,147,117,101,116,916
Oaxaca,164,204,134,150,155,240,180,199,1426
Puebla,106,118,131,157,180,133,136,128,1089
Querétaro,25,28,23,30,30,44,53,28,261
Quintana Roo,134,205,226,184,196,167,165,170,1447
San Luis Potosí,99,122,76,77,63,87,87,117,728
Sinaloa,163,249,213,208,180,215,169,272,1669
Sonora,128,93,202,134,127,252,267,346,1549
Tabasco,54,83,93,104,143,141,97,108,823
Tamaulipas,190,163,132,149,179,93,119,150,1175
Tlaxcala,24,26,20,13,29,45,43,38,238
Veracruz,346,292,401,287,334,310,276,240,2486
Yucatán,3,3,6,4,3,5,3,3,30
Zacatecas,100,92,121,127,98,130,124,172,964
Total,5491,5609,5822,5553,5909,5845,5914,6161,46304
